5.0000 2.783662
-4.9000 2.636512
-4.8000 2.487499
-4.7000 2.337611
-4.6000 2.187847
-4.5000 2.039204
-4.4000 1.892667
-4.3000 1.749201
-4.2000 1.609739
-4.1000 1.475176
-4.0000 1.346356
-3.9000 1.224068
-3.8000 1.109032
-3.7000 1.001900
-3.6000 0.903242
-3.5000 0.813543
-3.4000 0.733202
-3.3000 0.662520
-3.2000 0.601705
-3.1000 0.550865
-3.0000 0.510008
-2.9000 0.479042
-2.8000 0.457778
-2.7000 0.445928
-2.6000 0.443111
-2.5000 0.448856
-2.4000 0.462606
-2.3000 0.483724
-2.2000 0.511499
-2.1000 0.545154
-2.0000 0.583853
-1.9000 0.626710
-1.8000 0.672798
-1.7000 0.721156
-1.6000 0.770800
-1.5000 0.820737
-1.4000 0.869967
-1.3000 0.917499
-1.2000 0.962358
-1.1000 1.003596
-1.0000 1.040302
-0.9000 1.071610
-0.8000 1.096707
-0.7000 1.114842
-0.6000 1.125336
-0.5000 1.127583
-0.4000 1.121061
-0.3000 1.105336
-0.2000 1.080067
-0.1000 1.045004
-0.0000 1.000000
0.1000 0.945004
0.2000 0.880067
0.3000 0.805336
0.4000 0.721061
0.5000 0.627583
0.6000 0.525336
0.7000 0.414842
0.8000 0.296707
0.9000 0.171610
1.0000 0.040302
1.1000 -0.096404
1.2000 -0.237642
1.3000 -0.382501
1.4000 -0.530033
1.5000 -0.679263
1.6000 -0.829200
1.7000 -0.978844
1.8000 -1.127202
1.9000 -1.273290
2.0000 -1.416147
2.1000 -1.554846
2.2000 -1.688501
2.3000 -1.816276
2.4000 -1.937394
2.5000 -2.051144
2.6000 -2.156889
2.7000 -2.254072
2.8000 -2.342222
2.9000 -2.420958
3.0000 -2.489992
3.1000 -2.549135
3.2000 -2.598295
3.3000 -2.637480
3.4000 -2.666798
3.5000 -2.686457
3.6000 -2.696758
3.7000 -2.698100
3.8000 -2.690968
3.9000 -2.675932
4.0000 -2.653644
4.1000 -2.624824
4.2000 -2.590261
4.3000 -2.550799
4.4000 -2.507333
4.5000 -2.460796
4.6000 -2.412153
4.7000 -2.362389
4.8000 -2.312501
4.9000 -2.263488
5.0000 -2.216338
