0.000000 0.000000
0.100000 0.040567
0.200000 0.064411
0.300000 0.074485
0.400000 0.073419
0.500000 0.063553
0.600000 0.046966
0.700000 0.025501
0.800000 0.000785
0.900000 -0.025751
1.000000 -0.052856
1.100000 -0.079445
1.200000 -0.104586
1.300000 -0.127488
1.400000 -0.147489
1.500000 -0.164052
1.600000 -0.176752
1.700000 -0.185270
1.800000 -0.189386
1.900000 -0.188970
2.000000 -0.183978
2.100000 -0.174446
2.200000 -0.160481
2.300000 -0.142257
2.400000 -0.120009
2.500000 -0.094024
2.600000 -0.064639
2.700000 -0.032235
2.800000 0.002774
2.900000 0.039943
3.000000 0.078801
